---
course_group_course_4:
  id: 4
  course_id: 4
  course_group_id: 2
  created_at: 2022-11-02 04:40:13.159086000 Z
  updated_at: 2022-11-02 04:40:13.159086000 Z
course_group_course_6:
  id: 6
  course_id: 12
  course_group_id: 2
  created_at: 2022-11-02 23:35:37.096406000 Z
  updated_at: 2022-11-02 23:35:37.096406000 Z
